%YAML:1.0
calibrationDate: "Wed Mar 11 15:33:44 2015\n"
isDevelopmentMode: 1
Hue Threshold:
   - 0
   - 179
Saturation Threshold:
   - 0
   - 255
Value Threshold:
   - 160
   - 255
Depth Threshold:
   - 400
   - 1000
ROI region: [ 228, 149, 207, 193 ]
