%YAML:1.0
Calibration Date: "Fri May 08 15:04:59 2015\n"
Bar Centers: !!opencv-matrix
   rows: 12
   cols: 3
   dt: f
   data: [ -3.72313231e-001, 1.79051816e-001, -1.03602195e+000,
       -7.28995800e-002, 1.78137541e-001, -1.03013313e+000,
       2.29698211e-001, 1.77213550e-001, -1.02418160e+000,
       -3.71569723e-001, -5.30209243e-002, -1.10985470e+000,
       -7.21560791e-002, -5.39352000e-002, -1.10396588e+000,
       2.30441704e-001, -5.48591912e-002, -1.09801435e+000,
       -3.70848894e-001, -2.78019041e-001, -1.18143666e+000,
       -7.14352429e-002, -2.78933316e-001, -1.17554784e+000,
       2.31162533e-001, -2.79857367e-001, -1.16959631e+000,
       -3.70022535e-001, -5.35957575e-001, -1.26349854e+000,
       -7.06088766e-002, -5.36871791e-001, -1.25760961e+000,
       2.31988907e-001, -5.37795901e-001, -1.25165808e+000 ]
Marker Position: !!opencv-matrix
   rows: 8
   cols: 3
   dt: f
   data: [ -5.18169165e-001, 4.30471331e-001, -9.59027946e-001,
       -5.15472472e-001, 1.71114981e-001, -1.02852786e+000,
       -2.37062797e-001, 1.75131693e-001, -1.02700055e+000,
       9.09150317e-002, 1.73363149e-001, -1.01674998e+000,
       3.68196994e-001, 1.77749619e-001, -1.01766670e+000,
       -5.07953644e-001, -5.51615804e-002, -1.10449970e+000,
       -5.07681787e-001, -2.79586047e-001, -1.17788935e+000,
       -5.02460718e-001, -5.36637664e-001, -1.26269460e+000 ]
Bin Size: !!opencv-matrix
   rows: 12
   cols: 3
   dt: f
   data: [ 2.70826012e-001, 2.63373196e-001, 4.22803521e-001,
       3.28119844e-001, 2.63373196e-001, 4.22803521e-001,
       2.77195632e-001, 2.63373196e-001, 4.22803521e-001,
       2.70826012e-001, 2.43535608e-001, 4.22803521e-001,
       3.28119844e-001, 2.43535608e-001, 4.22803521e-001,
       2.77195632e-001, 2.43535608e-001, 4.22803521e-001,
       2.70826012e-001, 2.36111552e-001, 4.22803521e-001,
       3.28119844e-001, 2.36111552e-001, 4.22803521e-001,
       2.77195632e-001, 2.36111552e-001, 4.22803521e-001,
       2.70826012e-001, 2.70678937e-001, 4.22803521e-001,
       3.28119844e-001, 2.70678937e-001, 4.22803521e-001,
       2.77195632e-001, 2.70678937e-001, 4.22803521e-001 ]
Kinect Angle: !!opencv-matrix
   rows: 1
   cols: 3
   dt: f
   data: [ -3.08079213e-001, 1.96653996e-002, -3.05353547e-003 ]
