{Q1:[ -0.89274, -0.293054, 0.284996, -1.24854, -1.24005, 1.2095, 1.0, 0.2 ], 
Q2:[ -0.895783, -0.0117462, 0.284478, -1.24859, -1.23998, 1.20954, 1.0, 0.2 ], 
Q3:[ -0.899008, 0.272226, 0.287089, -1.24856, -1.23998, 1.20955, 1.0, 0.2 ], 
Q4:[ -0.883088, -0.288289, 0.0573778, -1.24853, -1.24007, 1.20957, 1.0, 0.2 ], 
Q5:[ -0.888618, -0.0122262, 0.0593132, -1.24855, -1.24004, 1.20957, 1.0, 0.2 ], 
Q6:[ -0.894234, 0.267467, 0.0623343, -1.24857, -1.24001, 1.20957, 1.0, 0.2 ],
Q7:[ -0.8874, -0.304504, -0.129169, -1.21872, -1.20289, 1.21528, 1.0, 0.2 ], 
Q8:[ -0.881186, -0.0106095, -0.174242, -1.2485, -1.23996, 1.2095, 1.0, 0.2 ], 
Q9:[ -0.890281, 0.266537, -0.167835, -1.24861, -1.24004, 1.20965, 1.0, 0.2 ],
Q10:[ -0.88927, -0.307307, -0.391231, -1.21866, -1.20303, 1.21512, 1.0 , 0.2 ], 
Q11:[ -0.87573, -0.012474, -0.437833, -1.24851, -1.24, 1.20952, 1.0, 0.2 ], 
Q12:[ -0.885298, 0.263721, -0.43657, -1.24871, -1.23996, 1.20959, 1.0, 0.2 ]}

