{ Q1: [ 0.6, 0.275, 0.92, 0.901298, 1.34799, 0.875016, 1.0 ], 
Q2: [ 0.6, 0, 0.92, 0.899239, 1.34579, 0.875168, 1.0 ], 
Q3: [ 0.6, -0.275, 0.92, 0.899239, 1.34579, 0.875168, 1.0 ], 
Q4: [ 0.6, 0.275, 0.69, 0.899239, 1.34579, 0.875168, 1.0 ], 
Q5: [ 0.6, 0, 0.69, 0.899239, 1.34579, 0.875168, 1.0 ], 
Q6: [ 0.6, -0.275, 0.69, 0.899239, 1.34579, 0.875168, 1.0 ], 
Q7: [ 0.6, 0.275, 0.48, 0.899239, 1.34579, 0.875168, 1.0 ], 
Q8: [ 0.6, 0, 0.48, 0.899239, 1.34579, 0.875168, 1.0 ], 
Q9: [ 0.6, -0.275, 0.48, 0.899239, 1.34579, 0.875168, 1.0 ], 
Q10: [ 0.6, 0.275, 0.25, 0.899239, 1.34579, 0.875168, 1.0 ], 
Q11: [ 0.6, 0, 0.25, 0.899239, 1.34579, 0.875168, 1.0 ], 
Q12: [ 0.6, -0.275, 0.25, 0.899239, 1.34579, 0.875168, 1.0 ]}
