{Q1:[ -0.387755, -0.269425, 0.842282, -1.22245, -1.22301, 1.22003, 1.0 ], 
Q2:[ -0.387749, 0.00656677, 0.842286, -1.22242, -1.22304, 1.22005, 1.0 ], 
Q3:[ -0.387746, 0.267055, 0.84227, -1.22242, -1.22304, 1.22007, 1.0 ], 
Q4:[ -0.38722, -0.269066, 0.621051, -1.2224, -1.22308, 1.22001, 1.0 ], 
Q5:[ -0.387194, 0.00660198, 0.621062, -1.22239, -1.22298, 1.22005, 1.0 ], 
Q6:[ -0.387214, 0.259114, 0.621069, -1.22235, -1.22306, 1.22005, 1.0 ]}
