{Q1:[ -0.576208, -0.241911, 0.778375, -0.630479, -1.47133, 0.653832, 1.0 ], 
Q2:[ -0.576255, 0.0489588, 0.778332, -0.630573, -1.47136, 0.653755, 1.0 ], 
Q3:[ -0.57823, 0.274103, 0.775666, -0.636738, -1.47519, 0.656106, 1.0 ],

Q4:[ -0.576245, -0.219913, 0.562148, -0.630099, -1.47187, 0.654273, 1.0 ], 
Q5:[ -0.57626, 0.0397273, 0.562115, -0.630196, -1.47185, 0.654197, 1.0 ], 
Q6:[ -0.576262, 0.328373, 0.562112, -0.630223, -1.47189, 0.654198, 1.0 ],

Q7:[ -0.576222, -0.2291, 0.259366, -0.630417, -1.47154, 0.653787, 1.0 ], 
Q8:[ -0.576233, 0.035397, 0.259409, -0.630502, -1.47134, 0.653751, 1.0 ], 
Q9:[ -0.576231, 0.317169, 0.259417, -0.630524, -1.47136, 0.653775, 1.0 ]}
