%YAML:1.0
calibrationDate: "Wed Mar 11 15:34:57 2015\n"
isDevelopmentMode: 1
Hue Threshold:
   - 0
   - 179
Saturation Threshold:
   - 0
   - 255
Value Threshold:
   - 200
   - 255
Depth Threshold:
   - 400
   - 1000
ROI region: [ 214, 155, 248, 189 ]
