%YAML:1.0
calibrationDate: "Wed Mar 11 15:39:13 2015\n"
isDevelopmentMode: 1
Hue Threshold:
   - 0
   - 179
Saturation Threshold:
   - 0
   - 255
Value Threshold:
   - 97
   - 255
Depth Threshold:
   - 400
   - 1000
ROI region: [ 225, 138, 217, 195 ]
